10
0 62 27 62 65 11 82 74 46 40
62 0 8 11 15 28 83 3 14 26
27 8 0 21 14 12 69 52 26 41
62 11 21 0 34 35 9 71 100 15
65 15 14 34 0 95 13 69 20 65
11 28 12 35 95 0 35 19 57 40
82 83 69 9 13 35 0 21 97 12
74 3 52 71 69 19 21 0 82 62
46 14 26 100 20 57 97 82 0 96
40 26 41 15 65 40 12 62 96 0