6
0 45 91 95 34 82
45 0 73 77 9 38
91 73 0 61 74 71
95 77 61 0 93 17
34 9 74 93 0 73
82 38 71 17 73 0