9
0 62 15 44 79 3 30 46 49
62 0 79 42 86 71 78 68 98
15 79 0 2 34 34 97 71 76
44 42 2 0 11 76 4 64 25
79 86 34 11 0 45 48 75 81
3 71 34 76 45 0 73 5 40
30 78 97 4 48 73 0 50 16
46 68 71 64 75 5 50 0 14
49 98 76 25 81 40 16 14 0