9
0 76 66 78 46 55 92 18 81
76 0 99 62 23 53 45 41 10
66 99 0 18 3 37 34 26 91
78 62 18 0 98 36 59 5 27
46 23 3 98 0 79 92 9 39
55 53 37 36 79 0 89 60 25
92 45 34 59 92 89 0 26 94
18 41 26 5 9 60 26 0 19
81 10 91 27 39 25 94 19 0