10
0 27 56 32 37 99 71 93 98 50
27 0 21 57 7 77 88 40 90 81
56 21 0 20 45 98 82 69 15 23
32 57 20 0 15 74 72 95 49 56
37 7 45 15 0 25 17 60 7 80
99 77 98 74 25 0 80 62 31 63
71 88 82 72 17 80 0 38 43 9
93 40 69 95 60 62 38 0 7 53
98 90 15 49 7 31 43 7 0 48
50 81 23 56 80 63 9 53 48 0