7
0 50 95 10 100 75 71
50 0 53 70 70 26 91
95 53 0 16 33 90 98
10 70 16 0 43 48 87
100 70 33 43 0 63 34
75 26 90 48 63 0 17
71 91 98 87 34 17 0