7
0 67 86 9 33 16 99
67 0 77 68 97 59 33
86 77 0 37 11 83 99
9 68 37 0 51 27 70
33 97 11 51 0 32 91
16 59 83 27 32 0 71
99 33 99 70 91 71 0