9
0 89 47 24 63 68 12 27 61
89 0 48 62 96 82 74 99 47
47 48 0 72 63 47 25 95 72
24 62 72 0 54 93 10 95 88
63 96 63 54 0 19 6 18 3
68 82 47 93 19 0 68 98 30
12 74 25 10 6 68 0 21 88
27 99 95 95 18 98 21 0 3
61 47 72 88 3 30 88 3 0