9
0 83 88 2 30 55 89 28 96
83 0 46 27 71 81 81 37 86
88 46 0 11 28 55 7 71 31
2 27 11 0 27 65 24 94 23
30 71 28 27 0 16 57 18 88
55 81 55 65 16 0 68 92 71
89 81 7 24 57 68 0 29 70
28 37 71 94 18 92 29 0 21
96 86 31 23 88 71 70 21 0