10
0 65 97 17 34 86 3 22 92 98
65 0 71 14 76 35 22 69 82 89
97 71 0 58 6 62 45 100 76 14
17 14 58 0 100 42 83 3 1 21
34 76 6 100 0 15 90 77 69 32
86 35 62 42 15 0 3 96 40 6
3 22 45 83 90 3 0 65 28 87
22 69 100 3 77 96 65 0 70 73
92 82 76 1 69 40 28 70 0 39
98 89 14 21 32 6 87 73 39 0