8
0 24 87 58 2 2 69 62
24 0 58 43 98 29 18 33
87 58 0 71 43 37 4 31
58 43 71 0 30 77 19 46
2 98 43 30 0 48 18 64
2 29 37 77 48 0 57 77
69 18 4 19 18 57 0 52
62 33 31 46 64 77 52 0