7
0 41 2 49 25 23 43
41 0 21 3 1 35 74
2 21 0 63 45 6 55
49 3 63 0 90 92 9
25 1 45 90 0 11 11
23 35 6 92 11 0 77
43 74 55 9 11 77 0