8
0 6 39 40 67 19 77 93
6 0 25 9 67 48 26 65
39 25 0 72 62 45 26 88
40 9 72 0 69 19 88 4
67 67 62 69 0 2 51 1
19 48 45 19 2 0 60 14
77 26 26 88 51 60 0 1
93 65 88 4 1 14 1 0