#include<stdio.h>
#include<vector>
#include<algorithm>
using namespace std;

vector<int> decision;
vector<int> decision2;
int value;
int item[10][10]= { {55, 60, 4, 25,	18,	10,	12,	8,	11,	50},
                    {60, 45, 75, 23, 27, 20,	24,	7,	33,	12},
                    {4,	75,	78,	32,	36,	30,	36,	6,	12,	65},
                    {25,	23,	32,	15,	45,	40,	48,	5,	14,	23},
                    {18,	27,	36,	45,	54,	50,	60,	4,	15,	12},
                    {10,	20,	30,	40,	50,	60,	72,	3,	32,	34},
                    {12,	24,	36,	48,	60,	72,	84,	2,	23,	34},
                    {8,	7,	6,	5	,4,	3,	2,	1,	34,	123},
                    {11,	33,	12,	14,	15,	32,	23,	34,	65,	48},
                    {50,	12,	65,	23,	12,	34,	34,	123,	48,	71}
                    };


void calculate_max()
{
    int size=decision.size();

    for(int i=0;i<size;i++)
    decision2.push_back(decision[i]);

    do
    {
        int temp=0;
        for(int i=0;i<size;i++)
        {
            temp+=item[decision[i]][decision2[i]];
        }

        if(value < temp)
        value=temp;

    }while(next_permutation(decision2.begin(), decision2.end()));
}


int main()
{
    int t;
    scanf("%d", &t);
    while(t--)
    {
        value=0;

        int temp;

        for(int i=0;i<10;i++)
        scanf("%d",&temp);

        for(int i=0;i<10;i++)
        {
            scanf("%d",&temp);
            if(temp ==1)
            decision.push_back(i);
        }


        calculate_max();

        printf("%d\n",value);
        decision.clear();
        decision2.clear();
    }



}
