#include<cstdio>
#include<algorithm>
using namespace std;

int reward[10][10]={55  ,60	,4	,25	,18	,10	,12	,8	,11	,50
                    ,60	,45	,75	,23	,27	,20	,24	,7	,33	,12
                    ,4	,75	,78	,32	,36	,30	,36	,6	,12	,65
                    ,25	,23	,32	,15	,45	,40	,48	,5	,14	,23
                    ,18	,27	,36	,45	,54	,50	,60	,4	,15	,12
                    ,10	,20	,30	,40	,50	,60	,72	,3	,32	,34
                    ,12	,24	,36	,48	,60	,72	,84	,2	,23	,34
                    ,8	,7	,6	,5	,4	,3	,2	,1	,34	,123
                    ,11	,33	,12	,14	,15	,32	,23	,34	,65	,48
                    ,50	,12	,65	,23	,12	,34	,34	,123,48	,71};
int val=0,total=0,a[10],b[10],type1[7],type2[7];
int main()
{int t,i,k;
    scanf("%d",&t);
    while(t--)
    {k=0;
        for(i=0;i<10;i++)
        scanf("%d",&a[i]);
        for(i=0;i<10;i++)
        {scanf("%d",&b[i]);
        if(b[i]==1)
            type1[k]=type2[k++]=i;
        }
        val=0;

        do
        {
            total=0;
            for(i=0;i<k;i++)
            {
                total+=reward[type1[i]][type2[i]];
            }
            if(total>val)
                val=total;

        }while(next_permutation(type2,type2+k));
        printf("%d\n",val);
    }
return 0;
}
