#include<stdio.h>
int mat[][10]={{55	,60,	4	,25,	18	,10	,12,	8	,11	,50
},{60	,45	,75	,23	,27	,20	,24	,7	,33	,12
},{4	,75	,78	,32	,36	,30	,36,	6,	12,	65
},{25	,23	,32	,15,	45,	40	,48	,5	,14	,23
},{18	,27	,36	,45	,54	,50	,60,	4	,15	,12}
,{10	,20	,30	,40	,50	,60	,72	,3	,32	,34
},{12	,24	,36	,48	,60	,72	,84,	2	,23	,34}
,{8	,7	,6	,5	,4	,3	,2	,1	,34	,123
},{11	,33,	12	,14	,15	,32	,23	,34	,65	,48}
,{50	,12	,65	,23	,12	,34	,34	,123,	48	,71}};
 
int math[3][3][3][3][3][3][3][3][3][3];
int max(int a,int b){
	if(a>b)	return a;
	else return b;
}
int dp(int a[]){
	int ans=0,i,j,k,sum,b[10],c[2];
	if(math[a[0]][a[1]][a[2]][a[3]][a[4]][a[5]][a[6]][a[7]][a[8]][a[9]]!=0)		return  math[a[0]][a[1]][a[2]][a[3]][a[4]][a[5]][a[6]][a[7]][a[8]][a[9]];
	for(i=0;i<10;++i){	b[i]=a[i];}
	for(i=0;i<10;++i){
		sum+=a[i];
		}
	j=0;	
	c[1]=-1;
	if(sum==2){
		for(i=0;i<10;i++){	if(a[i]>0)	c[j++]=i;}
		if(c[1]==-1)
			ans=mat[c[0]][c[0]];
		else		ans=mat[c[0]][c[1]];
		math[a[0]][a[1]][a[2]][a[3]][a[4]][a[5]][a[6]][a[7]][a[8]][a[9]]=ans;
		}
	else{
		for(i=0;i<10;i++)	
			if(b[i]!=0){
				b[i]--;
				for(j=i;j<10;++j){
					if(b[j]!=0){
						b[j]--;
						ans=max(ans,mat[i][j]+dp(b));
						b[j]++;
					}
				}	
				b[i]++;
			}
		}
		
		math[a[0]][a[1]][a[2]][a[3]][a[4]][a[5]][a[6]][a[7]][a[8]][a[9]]=ans;
		return ans;
}			
		
	
int main(){
	int t,n,i,j,a[10];
	scanf("%d",&t);
	while(t--){
		for(i=0;i<10;++i){
			a[i]=0;
			scanf("%d",&n);
		}
		for(i=0;i<10;++i){
				scanf("%d",&n);
				if(n==1)	a[i]=2;
		}
		printf("%d\n",dp(a));
	}
	return 0;
}