#include <bits/stdc++.h>
using namespace std;



int main()
{
	int t;
	scanf("%d",&t);
	//t=1;
	int payoff[10][10]={
{55,	60,		4,	25,	18,	10,	12,	8,	11,	50},
{60,	45,	75,	23,	27,	20,	24,	7,	33,	12},
{4,	75,	78,	32,	36,	30,	36,	6,	12,	65},
{25,	23,	32,	15,	45,	40,	48,	5,	14,	23},
{18,	27,	36,	45,	54,	50,	60,	4,	15,	12},
{10,	20,	30,	40,	50,	60,	72,	3,	32,	34},
{12,	24,	36,	48,	60,	72,	84,	2,	23,	34},
{8,	7,	6,	5,	4,	3,	2,	1	,34	,123},
{11,	33,	12,	14,	15,	32,	23,	34,	65,	48},
{50,	12,	65,	23,	12,	34,	34,	123,	48,	71},

	};
	while(t--)
	{
		int maxi=0;
		int h;int use[7];int use2[7];int hh=0;
		for (int i = 0; i < 10; ++i)
		{
			scanf("%d",&h);
		}
		for (int i = 0; i < 10; ++i)
		{
			scanf("%d",&h);
			if (h==1)
			{
				use[hh]=i;
				use2[hh]=i;
				hh++;	
			}
		}
		do{
			int tempmax=0;
			for (int i = 0; i < hh; ++i)
			{
				tempmax+=payoff[use[i]][use2[i]];
			}
			if (tempmax>maxi)
			{
				maxi=tempmax;
			}
		}while(next_permutation(use2,use2+hh));
		printf("%d\n", maxi);
	}
}