#include <iostream>
#include <stdio.h>
#include <utility>
#include <algorithm>
#include <cstring>
#include <vector>
#include <map>
#include <set>
#include <queue>
#include <math.h>
#include <cstdio>
 
#define FOR(i,x,y) for(int i=(x);i<(y);i++)
#define MIN(x,y) ((x)<(y)?(x):(y))
#define MAX(x,y) ((x)>(y)?(x):(y))
#define ABS(x) ((x)>0?(x):-(x))
#define SQ(x) ((x)*(x))
#define mset(x,y) memset(x,y,sizeof(x))
using namespace std;
 
int costs[][10]={55,60,4,25,18,10,12,8,11,50,60,45,75,23,27,20,24,7,33,12,4,75,78,32,36,30,36,6,12,65,25,23,32,15,45,40,48,5,14,23,18,27,36,45,54,50,60,4,
15,12,10,20,30,40,50,60,72,3,32,34,12,24,36,48,60,72,84,2,23,34,8,7,6,5,4,3,2,1,34,123,11,33,12,14,15,32,23,34,65,48,50,12,65,23,12,34,34,123,48,71};
int arr[11],ma,cost,chk[11];
 
void solve(int k)
{
    if(k==10){if(cost>ma) ma=cost; return;}
    chk[k]=1;
    cost+=costs[k][k];int n=k;while(chk[n]||(!arr[n])) n++;solve(n);cost-=costs[k][k];
    FOR(i,k+1,10)if(arr[i])if(!chk[i]){cost+=2*costs[k][i];chk[i]=1;int n=k;while(chk[n]||(!arr[n])) n++;solve(n);cost-=2*costs[k][i];chk[i]=0;}
    chk[k]=0;
}
int main()
{
    //freopen("inp.txt","r",stdin);
    int t;
    scanf("%d",&t);
    while(t--)
    {
        ma=0,cost=0;
        mset(chk,0);
        mset(arr,0);
        arr[10]=1;
        FOR(i,0,10) scanf("%d",&arr[i]);
        FOR(i,0,10) scanf("%d",&arr[i]);
        int i=0;
        while(!arr[i])i++;
        solve(i);
        printf("%d\n",ma);
        
    }
}