0 3 4 6 9 14 22 31 40 54 75 96 129 
3 0 5 7 10 15 23 32 41 55 76 97 130 
4 5 0 8 11 16 24 33 42 56 77 98 131 
6 7 8 0 13 18 26 35 44 58 79 100 133 
9 10 11 13 0 21 29 38 47 61 82 103 136 
14 15 16 18 21 0 34 43 52 66 87 108 141 
22 23 24 26 29 34 0 ...