0 3 4 6 9 14 22 
3 0 5 7 10 15 23 
4 5 0 8 11 16 24 
6 7 8 0 13 18 26 
9 10 11 13 0 21 29 
14 15 16 18 21 0 34 
22 23 24 26 29 34 0 