0 3 4 6 9 14 22 31 40 
3 0 5 7 10 15 23 32 41 
4 5 0 8 11 16 24 33 42 
6 7 8 0 13 18 26 35 44 
9 10 11 13 0 21 29 38 47 
14 15 16 18 21 0 34 43 52 
22 23 24 26 29 34 0 51 60 
31 32 33 35 38 43 51 0 69 
40 41 42 44 47 52 60 69 0 