0 3 4 6 9 14 22 31 40 54 75 
3 0 5 7 10 15 23 32 41 55 76 
4 5 0 8 11 16 24 33 42 56 77 
6 7 8 0 13 18 26 35 44 58 79 
9 10 11 13 0 21 29 38 47 61 82 
14 15 16 18 21 0 34 43 52 66 87 
22 23 24 26 29 34 0 51 60 74 95 
31 32 33 35 38 43 51 0 69 83 10...