1 2 3 4 5 6 7 8 
2 4 6 8 11 13 15 17 
3 6 10 13 16 20 23 26 
4 8 13 17 22 26 31 35 
5 11 16 22 27 33 38 44 
6 13 20 26 33 40 46 53 
7 15 23 31 38 46 54 62 
8 17 26 35 44 53 62 71 