10
0 18 0 12 20 3 14 12 13 2
18 0 6 12 7 20 1 9 13 10
0 6 0 15 17 9 16 15 1 0
12 12 15 0 0 8 19 20 11 11
20 7 17 0 0 3 5 14 8 3
3 20 9 8 3 0 7 16 20 17
14 1 16 19 5 7 0 14 18 14
12 9 15 20 14 16 14 0 6 19
13 13 1 11 8 20 18 6 0 13
2 10 0 11 3 17 14 19 13 0