20
0 37 60 9 80 39 77 47 41 87 51 58 26 28 35 25 93 4 17 70
37 0 59 100 91 29 10 56 56 66 32 16 7 39 19 94 47 59 34 53
60 59 0 83 0 100 40 48 90 68 22 81 49 24 83 70 75 56 17 51
9 100 83 0 98 51 42 19 23 23 55 75 91 85 70 61 96 44 17 92
80 91 0 98 0 87 44 26 8 71 60 21 29 16 3 63 18 25 21 23
39 29 100 51 87 0 8 90 86 48 12 85 80 2 38 15 95 12 36 36
77 10 40 42 44 8 0 89 64 84 95 33 10 84 9 33 14 54 77 5
47 56 48 19 26 90 89 0 0 1 11 5 14 7 52 54 34 66 85 34
41 56 90 23 8 86 64 0 0 86 21 35 47 95 9...