#include<cstdio>
#include<algorithm>
using namespace std;
int arr[10][10]={{55	,60,	4,	25,	18,	10,	12,	8,	11,	50},
{60,	45,	75,	23,	27,	20,	24,	7,	33,	12},
{4,	75,	78,	32,	36,	30,	36,	6,	12	,65},
{25,	23,	32,	15,	45,	40,	48,	5	,14,	23},
{18,	27,	36,	45,	54,	50,	60,	4,	15,	12},
{10,	20,	30,	40,	50,	60,	72,	3,	32,	34},
{12,	24,	36,	48,	60,	72,	84,	2,	23,	34},
{8,	7,	6,	5,	4,	3,	2,	1,	34,	123},
{11,	33,	12,	14,	15,	32,	23,	34,	65,	48},
{50,	12,	65,	23,	12,	34,	34,	123,	48,	71}};
int a1[10],x1[10],x2[10],b[10],t,i,j,k,m,s,ans;

int main()
{
    scanf("%d",&t);
    while(t--)
    {
        s=0;
        k=1;
        ans=0;
        m=0;
        for(i=0;i<10;i++)
            scanf("%d",&b[i]);
        for(i=0;i<10;i++)
        {
            scanf("%d",&a1[i]);
            if(a1[i])
            {
                x1[m]=i;
                x2[m]=i;
                m++;
            }
        }
        do
        {
        s=0;
        for(i=0;i<m;i++)
        {
            s=s+arr[x1[i]][x2[i]];
        }
        ans=max(ans,s);

        }
        while(next_permutation(x2,x2+m));
           printf("%d\n",ans);
    }
    return 0;

}
