#include<iostream>
#include<vector>
#include<algorithm>
using namespace std;
int main()
{
    int co[][10]={{55,60,4,25,18,10,12,8,11,50},
{60,45,75,23,27,20,24,7,33,12},
{4,75,78,32,36,30,36,6,12,65},
{25,23,32,15,45,40,48,5,14,23},
{18,27,36,45,54,50,60,4,15,12},
{10,20,30,40,50,60,72,3,32,34},
{12,24,36,48,60,72,84,2,23,34},
{8,7,6,5,4,3,2,1,34,123},
{11,33,12,14,15,32,23,34,65,48},
{50,12,65,23,12,34,34,123,48,71}};

    int t,i,a[10],b[10];
    cin>>t;
    while(t--)
    {
              vector<int>ar;
              int ans=0;
              int c1[10]={0};
              for(i=0;i<10;i++)cin>>a[i];
              for(i=0;i<10;i++)cin>>b[i];
              for(i=0;i<10;i++)
              {
                              if(b[i])ar.push_back(i);
              }
              for(i=0;i<ar.size();i++)c1[i]=ar[i];
              do
              {
 int an=0;
                    for(i=0;i<ar.size();i++)
                    {
                                    an+=co[ar[i]][c1[i]];
                    }
                    ans=max(ans,an);
              }
              while(next_permutation(c1,c1+ar.size()));  
              cout<<ans<<endl; 
    }
    return 0;
}  
              