#include<cstdio>
#include<iostream>
#include<vector>
#include<map>
#include<set>
#include<stack>
#include<queue>
#include<algorithm>
#include<cmath>
#include<string>
#include<cstdlib>
#include<climits>
#include<cstring>
using namespace std;

#define CLR(a,x) memset(a,x,sizeof(a))
#define PB push_back
#define INF 1000000000
#define MOD 1000000007
#define MP make_pair
#define tr(container , it) for(typeof(container.begin()) it=container.begin() ; it!=container.end() ; it++)
#define FOR(i,a,b) for(i=a;i<b;i++)
#define REP(i,a) FOR(i,0,a)
#define LL long long
#define VI vector < int >
#define PII pair < int , int >

int graph[10][10]={{55	,60	,4	,25	,18	,10	,12	,8	,11	,50},
{60	,45	,75	,23	,27	,20	,24	,7	,33	,12},
{4	,75	,78	,32	,36	,30	,36	,6	,12	,65},
{25	,23	,32	,15	,45	,40	,48	,5	,14	,23},
{18	,27	,36	,45	,54	,50	,60	,4	,15	,12},
{10	,20	,30	,40	,50	,60	,72	,3	,32	,34},
{12	,24	,36	,48	,60	,72	,84	,2	,23	,34},
{8	,7	,6	,5	,4	,3	,2	,1	,34	,123},
{11	,33	,12	,14	,15	,32	,23	,34	,65	,48},
{50	,12	,65	,23	,12	,34	,34	,123	,48	,71}};

void precompute(void)
{
}

	int n,i,num[1<<20],pre[1<<20],nex[1<<20],ans,x,ind,p,q;
	vector < PII > nums;
int main()
{
	int test;
	scanf("%d",&test);
	

	while(test--){
		vector<int> items;
		for(int i=0;i<10;i++){
			int m;
			cin >> m;
			items.push_back(m);
		}
		vector<int> include;
		for(int i=0;i<10;i++){
			int m;
			cin >> m;
			include.push_back(m);
		}
		vector<int> a1,a2;
		for(int i=0;i<10;i++){
			if(include[i]==1 && items[i]>=2){
				a1.push_back(i);
				a2.push_back(i);
			}
		}
		int count=0;
		do
		{
			int sum=0;
			for(int i=0;i<a1.size();i++)
				sum += graph[a1[i]][a2[i]];
			count = sum>count? sum : count;
		}while(next_permutation(a2.begin(),a2.end()));
		cout << count << endl;
	}
	return 0;
}
